[1, 2, 3]
[2, 3, 4]
[3, 4, 5]
[4, 5, 6]
[5, 6, 7]
[6, 7, 8]
[7, 8, 9]
[8, 9, 10]
[9, 10, 11]
[10, 11, 12]
[11, 12, 13]
[14, 15, 16]
[15, 16, 17]
[16, 17, 18]
[17, 18, 19]
[18, 19, 20]
[19, 20, 21]
[20, 21, 22]
[21, 22, 23]
[22, 23, 24]
[23, 24, 25]
[24, 25, 26]
[27, 28, 29]
[28, 29, 30]
[29, 30, 31]
[30, 31, 32]
[31, 32, 33]
[32, 33, 34]
[33, 34, 35]
[34, 35, 36]
[35, 36, 37]
[36, 37, 38]
[37, 38, 39]
[40, 41, 42]
[41, 42, 43]
[42, 43, 44]
[43, 44, 45]
[44, 45, 46]
[45, 46, 47]
[46, 47, 48]
[47, 48, 49]
[48, 49, 50]
[49, 50, 51]
[50, 51, 52]
[1, 2, 3, 4]
[2, 3, 4, 5]
[3, 4, 5, 6]
[4, 5, 6, 7]
[5, 6, 7, 8]
[6, 7, 8, 9]
[7, 8, 9, 10]
[8, 9, 10, 11]
[9, 10, 11, 12]
[10, 11, 12, 13]
[14, 15, 16, 17]
[15, 16, 17, 18]
[16, 17, 18, 19]
[17, 18, 19, 20]
[18, 19, 20, 21]
[19, 20, 21, 22]
[20, 21, 22, 23]
[21, 22, 23, 24]
[22, 23, 24, 25]
[23, 24, 25, 26]
[27, 28, 29, 30]
[28, 29, 30, 31]
[29, 30, 31, 32]
[30, 31, 32, 33]
[31, 32, 33, 34]
[32, 33, 34, 35]
[33, 34, 35, 36]
[34, 35, 36, 37]
[35, 36, 37, 38]
[36, 37, 38, 39]
[40, 41, 42, 43]
[41, 42, 43, 44]
[42, 43, 44, 45]
[43, 44, 45, 46]
[44, 45, 46, 47]
[45, 46, 47, 48]
[46, 47, 48, 49]
[47, 48, 49, 50]
[48, 49, 50, 51]
[49, 50, 51, 52]
[1, 2, 3, 4, 5]
[2, 3, 4, 5, 6]
[3, 4, 5, 6, 7]
[4, 5, 6, 7, 8]
[5, 6, 7, 8, 9]
[6, 7, 8, 9, 10]
[7, 8, 9, 10, 11]
[8, 9, 10, 11, 12]
[9, 10, 11, 12, 13]
[14, 15, 16, 17, 18]
[15, 16, 17, 18, 19]
[16, 17, 18, 19, 20]
[17, 18, 19, 20, 21]
[18, 19, 20, 21, 22]
[19, 20, 21, 22, 23]
[20, 21, 22, 23, 24]
[21, 22, 23, 24, 25]
[22, 23, 24, 25, 26]
[27, 28, 29, 30, 31]
[28, 29, 30, 31, 32]
[29, 30, 31, 32, 33]
[30, 31, 32, 33, 34]
[31, 32, 33, 34, 35]
[32, 33, 34, 35, 36]
[33, 34, 35, 36, 37]
[34, 35, 36, 37, 38]
[35, 36, 37, 38, 39]
[40, 41, 42, 43, 44]
[41, 42, 43, 44, 45]
[42, 43, 44, 45, 46]
[43, 44, 45, 46, 47]
[44, 45, 46, 47, 48]
[45, 46, 47, 48, 49]
[46, 47, 48, 49, 50]
[47, 48, 49, 50, 51]
[48, 49, 50, 51, 52]
[1, 14, 27, 40]
[2, 15, 28, 41]
[3, 16, 29, 42]
[4, 17, 30, 43]
[5, 18, 31, 44]
[6, 19, 32, 45]
[7, 20, 33, 46]
[8, 21, 34, 47]
[9, 22, 35, 48]
[10, 23, 36, 49]
[11, 24, 37, 50]
[12, 25, 38, 51]
[13, 26, 39, 52]
[14, 27, 40]
[1, 27, 40]
[1, 14, 40]
[1, 14, 27]
[15, 28, 41]
[2, 28, 41]
[2, 15, 41]
[2, 15, 28]
[16, 29, 42]
[3, 29, 42]
[3, 16, 42]
[3, 16, 29]
[17, 30, 43]
[4, 30, 43]
[4, 17, 43]
[4, 17, 30]
[18, 31, 44]
[5, 31, 44]
[5, 18, 44]
[5, 18, 31]
[19, 32, 45]
[6, 32, 45]
[6, 19, 45]
[6, 19, 32]
[20, 33, 46]
[7, 33, 46]
[7, 20, 46]
[7, 20, 33]
[21, 34, 47]
[8, 34, 47]
[8, 21, 47]
[8, 21, 34]
[22, 35, 48]
[9, 35, 48]
[9, 22, 48]
[9, 22, 35]
[23, 36, 49]
[10, 36, 49]
[10, 23, 49]
[10, 23, 36]
[24, 37, 50]
[11, 37, 50]
[11, 24, 50]
[11, 24, 37]
[25, 38, 51]
[12, 38, 51]
[12, 25, 51]
[12, 25, 38]
[26, 39, 52]
[13, 39, 52]
[13, 26, 52]
[13, 26, 39]
[1, 53, 3]
[1, 2, 53]
[2, 53, 4]
[2, 3, 53]
[3, 53, 5]
[3, 4, 53]
[4, 53, 6]
[4, 5, 53]
[5, 53, 7]
[5, 6, 53]
[6, 53, 8]
[6, 7, 53]
[7, 53, 9]
[7, 8, 53]
[8, 53, 10]
[8, 9, 53]
[9, 53, 11]
[9, 10, 53]
[10, 53, 12]
[10, 11, 53]
[53, 12, 13]
[11, 53, 13]
[11, 12, 53]
[14, 53, 16]
[14, 15, 53]
[15, 53, 17]
[15, 16, 53]
[16, 53, 18]
[16, 17, 53]
[17, 53, 19]
[17, 18, 53]
[18, 53, 20]
[18, 19, 53]
[19, 53, 21]
[19, 20, 53]
[20, 53, 22]
[20, 21, 53]
[21, 53, 23]
[21, 22, 53]
[22, 53, 24]
[22, 23, 53]
[23, 53, 25]
[23, 24, 53]
[53, 25, 26]
[24, 53, 26]
[24, 25, 53]
[27, 53, 29]
[27, 28, 53]
[28, 53, 30]
[28, 29, 53]
[29, 53, 31]
[29, 30, 53]
[30, 53, 32]
[30, 31, 53]
[31, 53, 33]
[31, 32, 53]
[32, 53, 34]
[32, 33, 53]
[33, 53, 35]
[33, 34, 53]
[34, 53, 36]
[34, 35, 53]
[35, 53, 37]
[35, 36, 53]
[36, 53, 38]
[36, 37, 53]
[53, 38, 39]
[37, 53, 39]
[37, 38, 53]
[40, 53, 42]
[40, 41, 53]
[41, 53, 43]
[41, 42, 53]
[42, 53, 44]
[42, 43, 53]
[43, 53, 45]
[43, 44, 53]
[44, 53, 46]
[44, 45, 53]
[45, 53, 47]
[45, 46, 53]
[46, 53, 48]
[46, 47, 53]
[47, 53, 49]
[47, 48, 53]
[48, 53, 50]
[48, 49, 53]
[49, 53, 51]
[49, 50, 53]
[53, 51, 52]
[50, 53, 52]
[50, 51, 53]
[1, 53, 3, 4]
[1, 2, 53, 4]
[1, 2, 3, 53]
[2, 53, 4, 5]
[2, 3, 53, 5]
[2, 3, 4, 53]
[3, 53, 5, 6]
[3, 4, 53, 6]
[3, 4, 5, 53]
[4, 53, 6, 7]
[4, 5, 53, 7]
[4, 5, 6, 53]
[5, 53, 7, 8]
[5, 6, 53, 8]
[5, 6, 7, 53]
[6, 53, 8, 9]
[6, 7, 53, 9]
[6, 7, 8, 53]
[7, 53, 9, 10]
[7, 8, 53, 10]
[7, 8, 9, 53]
[8, 53, 10, 11]
[8, 9, 53, 11]
[8, 9, 10, 53]
[9, 53, 11, 12]
[9, 10, 53, 12]
[9, 10, 11, 53]
[53, 11, 12, 13]
[10, 53, 12, 13]
[10, 11, 53, 13]
[10, 11, 12, 53]
[14, 53, 16, 17]
[14, 15, 53, 17]
[14, 15, 16, 53]
[15, 53, 17, 18]
[15, 16, 53, 18]
[15, 16, 17, 53]
[16, 53, 18, 19]
[16, 17, 53, 19]
[16, 17, 18, 53]
[17, 53, 19, 20]
[17, 18, 53, 20]
[17, 18, 19, 53]
[18, 53, 20, 21]
[18, 19, 53, 21]
[18, 19, 20, 53]
[19, 53, 21, 22]
[19, 20, 53, 22]
[19, 20, 21, 53]
[20, 53, 22, 23]
[20, 21, 53, 23]
[20, 21, 22, 53]
[21, 53, 23, 24]
[21, 22, 53, 24]
[21, 22, 23, 53]
[22, 53, 24, 25]
[22, 23, 53, 25]
[22, 23, 24, 53]
[53, 24, 25, 26]
[23, 53, 25, 26]
[23, 24, 53, 26]
[23, 24, 25, 53]
[27, 53, 29, 30]
[27, 28, 53, 30]
[27, 28, 29, 53]
[28, 53, 30, 31]
[28, 29, 53, 31]
[28, 29, 30, 53]
[29, 53, 31, 32]
[29, 30, 53, 32]
[29, 30, 31, 53]
[30, 53, 32, 33]
[30, 31, 53, 33]
[30, 31, 32, 53]
[31, 53, 33, 34]
[31, 32, 53, 34]
[31, 32, 33, 53]
[32, 53, 34, 35]
[32, 33, 53, 35]
[32, 33, 34, 53]
[33, 53, 35, 36]
[33, 34, 53, 36]
[33, 34, 35, 53]
[34, 53, 36, 37]
[34, 35, 53, 37]
[34, 35, 36, 53]
[35, 53, 37, 38]
[35, 36, 53, 38]
[35, 36, 37, 53]
[53, 37, 38, 39]
[36, 53, 38, 39]
[36, 37, 53, 39]
[36, 37, 38, 53]
[40, 53, 42, 43]
[40, 41, 53, 43]
[40, 41, 42, 53]
[41, 53, 43, 44]
[41, 42, 53, 44]
[41, 42, 43, 53]
[42, 53, 44, 45]
[42, 43, 53, 45]
[42, 43, 44, 53]
[43, 53, 45, 46]
[43, 44, 53, 46]
[43, 44, 45, 53]
[44, 53, 46, 47]
[44, 45, 53, 47]
[44, 45, 46, 53]
[45, 53, 47, 48]
[45, 46, 53, 48]
[45, 46, 47, 53]
[46, 53, 48, 49]
[46, 47, 53, 49]
[46, 47, 48, 53]
[47, 53, 49, 50]
[47, 48, 53, 50]
[47, 48, 49, 53]
[48, 53, 50, 51]
[48, 49, 53, 51]
[48, 49, 50, 53]
[53, 50, 51, 52]
[49, 53, 51, 52]
[49, 50, 53, 52]
[49, 50, 51, 53]
[1, 53, 3, 4, 5]
[1, 2, 53, 4, 5]
[1, 2, 3, 53, 5]
[1, 2, 3, 4, 53]
[2, 53, 4, 5, 6]
[2, 3, 53, 5, 6]
[2, 3, 4, 53, 6]
[2, 3, 4, 5, 53]
[3, 53, 5, 6, 7]
[3, 4, 53, 6, 7]
[3, 4, 5, 53, 7]
[3, 4, 5, 6, 53]
[4, 53, 6, 7, 8]
[4, 5, 53, 7, 8]
[4, 5, 6, 53, 8]
[4, 5, 6, 7, 53]
[5, 53, 7, 8, 9]
[5, 6, 53, 8, 9]
[5, 6, 7, 53, 9]
[5, 6, 7, 8, 53]
[6, 53, 8, 9, 10]
[6, 7, 53, 9, 10]
[6, 7, 8, 53, 10]
[6, 7, 8, 9, 53]
[7, 53, 9, 10, 11]
[7, 8, 53, 10, 11]
[7, 8, 9, 53, 11]
[7, 8, 9, 10, 53]
[8, 53, 10, 11, 12]
[8, 9, 53, 11, 12]
[8, 9, 10, 53, 12]
[8, 9, 10, 11, 53]
[53, 10, 11, 12, 13]
[9, 53, 11, 12, 13]
[9, 10, 53, 12, 13]
[9, 10, 11, 53, 13]
[9, 10, 11, 12, 53]
[14, 53, 16, 17, 18]
[14, 15, 53, 17, 18]
[14, 15, 16, 53, 18]
[14, 15, 16, 17, 53]
[15, 53, 17, 18, 19]
[15, 16, 53, 18, 19]
[15, 16, 17, 53, 19]
[15, 16, 17, 18, 53]
[16, 53, 18, 19, 20]
[16, 17, 53, 19, 20]
[16, 17, 18, 53, 20]
[16, 17, 18, 19, 53]
[17, 53, 19, 20, 21]
[17, 18, 53, 20, 21]
[17, 18, 19, 53, 21]
[17, 18, 19, 20, 53]
[18, 53, 20, 21, 22]
[18, 19, 53, 21, 22]
[18, 19, 20, 53, 22]
[18, 19, 20, 21, 53]
[19, 53, 21, 22, 23]
[19, 20, 53, 22, 23]
[19, 20, 21, 53, 23]
[19, 20, 21, 22, 53]
[20, 53, 22, 23, 24]
[20, 21, 53, 23, 24]
[20, 21, 22, 53, 24]
[20, 21, 22, 23, 53]
[21, 53, 23, 24, 25]
[21, 22, 53, 24, 25]
[21, 22, 23, 53, 25]
[21, 22, 23, 24, 53]
[53, 23, 24, 25, 26]
[22, 53, 24, 25, 26]
[22, 23, 53, 25, 26]
[22, 23, 24, 53, 26]
[22, 23, 24, 25, 53]
[27, 53, 29, 30, 31]
[27, 28, 53, 30, 31]
[27, 28, 29, 53, 31]
[27, 28, 29, 30, 53]
[28, 53, 30, 31, 32]
[28, 29, 53, 31, 32]
[28, 29, 30, 53, 32]
[28, 29, 30, 31, 53]
[29, 53, 31, 32, 33]
[29, 30, 53, 32, 33]
[29, 30, 31, 53, 33]
[29, 30, 31, 32, 53]
[30, 53, 32, 33, 34]
[30, 31, 53, 33, 34]
[30, 31, 32, 53, 34]
[30, 31, 32, 33, 53]
[31, 53, 33, 34, 35]
[31, 32, 53, 34, 35]
[31, 32, 33, 53, 35]
[31, 32, 33, 34, 53]
[32, 53, 34, 35, 36]
[32, 33, 53, 35, 36]
[32, 33, 34, 53, 36]
[32, 33, 34, 35, 53]
[33, 53, 35, 36, 37]
[33, 34, 53, 36, 37]
[33, 34, 35, 53, 37]
[33, 34, 35, 36, 53]
[34, 53, 36, 37, 38]
[34, 35, 53, 37, 38]
[34, 35, 36, 53, 38]
[34, 35, 36, 37, 53]
[53, 36, 37, 38, 39]
[35, 53, 37, 38, 39]
[35, 36, 53, 38, 39]
[35, 36, 37, 53, 39]
[35, 36, 37, 38, 53]
[40, 53, 42, 43, 44]
[40, 41, 53, 43, 44]
[40, 41, 42, 53, 44]
[40, 41, 42, 43, 53]
[41, 53, 43, 44, 45]
[41, 42, 53, 44, 45]
[41, 42, 43, 53, 45]
[41, 42, 43, 44, 53]
[42, 53, 44, 45, 46]
[42, 43, 53, 45, 46]
[42, 43, 44, 53, 46]
[42, 43, 44, 45, 53]
[43, 53, 45, 46, 47]
[43, 44, 53, 46, 47]
[43, 44, 45, 53, 47]
[43, 44, 45, 46, 53]
[44, 53, 46, 47, 48]
[44, 45, 53, 47, 48]
[44, 45, 46, 53, 48]
[44, 45, 46, 47, 53]
[45, 53, 47, 48, 49]
[45, 46, 53, 48, 49]
[45, 46, 47, 53, 49]
[45, 46, 47, 48, 53]
[46, 53, 48, 49, 50]
[46, 47, 53, 49, 50]
[46, 47, 48, 53, 50]
[46, 47, 48, 49, 53]
[47, 53, 49, 50, 51]
[47, 48, 53, 50, 51]
[47, 48, 49, 53, 51]
[47, 48, 49, 50, 53]
[53, 49, 50, 51, 52]
[48, 53, 50, 51, 52]
[48, 49, 53, 51, 52]
[48, 49, 50, 53, 52]
[48, 49, 50, 51, 53]
[53, 14, 27, 40]
[1, 53, 27, 40]
[1, 14, 53, 40]
[1, 14, 27, 53]
[53, 15, 28, 41]
[2, 53, 28, 41]
[2, 15, 53, 41]
[2, 15, 28, 53]
[53, 16, 29, 42]
[3, 53, 29, 42]
[3, 16, 53, 42]
[3, 16, 29, 53]
[53, 17, 30, 43]
[4, 53, 30, 43]
[4, 17, 53, 43]
[4, 17, 30, 53]
[53, 18, 31, 44]
[5, 53, 31, 44]
[5, 18, 53, 44]
[5, 18, 31, 53]
[53, 19, 32, 45]
[6, 53, 32, 45]
[6, 19, 53, 45]
[6, 19, 32, 53]
[53, 20, 33, 46]
[7, 53, 33, 46]
[7, 20, 53, 46]
[7, 20, 33, 53]
[53, 21, 34, 47]
[8, 53, 34, 47]
[8, 21, 53, 47]
[8, 21, 34, 53]
[53, 22, 35, 48]
[9, 53, 35, 48]
[9, 22, 53, 48]
[9, 22, 35, 53]
[53, 23, 36, 49]
[10, 53, 36, 49]
[10, 23, 53, 49]
[10, 23, 36, 53]
[53, 24, 37, 50]
[11, 53, 37, 50]
[11, 24, 53, 50]
[11, 24, 37, 53]
[53, 25, 38, 51]
[12, 53, 38, 51]
[12, 25, 53, 51]
[12, 25, 38, 53]
[53, 26, 39, 52]
[13, 53, 39, 52]
[13, 26, 53, 52]
[13, 26, 39, 53]
[53, 27, 40]
[14, 53, 40]
[14, 27, 53]
[1, 53, 40]
[1, 27, 53]
[1, 14, 53]
[53, 28, 41]
[15, 53, 41]
[15, 28, 53]
[2, 53, 41]
[2, 28, 53]
[2, 15, 53]
[53, 29, 42]
[16, 53, 42]
[16, 29, 53]
[3, 53, 42]
[3, 29, 53]
[3, 16, 53]
[53, 30, 43]
[17, 53, 43]
[17, 30, 53]
[4, 53, 43]
[4, 30, 53]
[4, 17, 53]
[53, 31, 44]
[18, 53, 44]
[18, 31, 53]
[5, 53, 44]
[5, 31, 53]
[5, 18, 53]
[53, 32, 45]
[19, 53, 45]
[19, 32, 53]
[6, 53, 45]
[6, 32, 53]
[6, 19, 53]
[53, 33, 46]
[20, 53, 46]
[20, 33, 53]
[7, 53, 46]
[7, 33, 53]
[7, 20, 53]
[53, 34, 47]
[21, 53, 47]
[21, 34, 53]
[8, 53, 47]
[8, 34, 53]
[8, 21, 53]
[53, 35, 48]
[22, 53, 48]
[22, 35, 53]
[9, 53, 48]
[9, 35, 53]
[9, 22, 53]
[53, 36, 49]
[23, 53, 49]
[23, 36, 53]
[10, 53, 49]
[10, 36, 53]
[10, 23, 53]
[53, 37, 50]
[24, 53, 50]
[24, 37, 53]
[11, 53, 50]
[11, 37, 53]
[11, 24, 53]
[53, 38, 51]
[25, 53, 51]
[25, 38, 53]
[12, 53, 51]
[12, 38, 53]
[12, 25, 53]
[53, 39, 52]
[26, 53, 52]
[26, 39, 53]
[13, 53, 52]
[13, 39, 53]
[13, 26, 53]
